{
 "cells": [
  {
   "cell_type": "code",
   "execution_count": 4,
   "metadata": {},
   "outputs": [],
   "source": [
    "import numpy as np\n",
    "import pandas as pd\n",
    "from sklearn.preprocessing import StandardScaler\n",
    "import matplotlib.pyplot as plt"
   ]
  },
  {
   "cell_type": "code",
   "execution_count": 5,
   "metadata": {},
   "outputs": [],
   "source": [
    "gmm_data_path = '/Users/aaryansharma/Downloads/SMAI-Dataset-customer-dataset/data.csv'"
   ]
  },
  {
   "cell_type": "code",
   "execution_count": 6,
   "metadata": {},
   "outputs": [
    {
     "data": {
      "text/html": [
       "<div>\n",
       "<style scoped>\n",
       "    .dataframe tbody tr th:only-of-type {\n",
       "        vertical-align: middle;\n",
       "    }\n",
       "\n",
       "    .dataframe tbody tr th {\n",
       "        vertical-align: top;\n",
       "    }\n",
       "\n",
       "    .dataframe thead th {\n",
       "        text-align: right;\n",
       "    }\n",
       "</style>\n",
       "<table border=\"1\" class=\"dataframe\">\n",
       "  <thead>\n",
       "    <tr style=\"text-align: right;\">\n",
       "      <th></th>\n",
       "      <th>Index</th>\n",
       "      <th>Gender</th>\n",
       "      <th>Marital status</th>\n",
       "      <th>Age</th>\n",
       "      <th>Education</th>\n",
       "      <th>Income</th>\n",
       "      <th>Occupation</th>\n",
       "      <th>Settlement size</th>\n",
       "    </tr>\n",
       "  </thead>\n",
       "  <tbody>\n",
       "    <tr>\n",
       "      <th>0</th>\n",
       "      <td>0</td>\n",
       "      <td>0</td>\n",
       "      <td>0</td>\n",
       "      <td>67</td>\n",
       "      <td>2</td>\n",
       "      <td>124670</td>\n",
       "      <td>1</td>\n",
       "      <td>2</td>\n",
       "    </tr>\n",
       "    <tr>\n",
       "      <th>1</th>\n",
       "      <td>1</td>\n",
       "      <td>1</td>\n",
       "      <td>1</td>\n",
       "      <td>22</td>\n",
       "      <td>1</td>\n",
       "      <td>150773</td>\n",
       "      <td>1</td>\n",
       "      <td>2</td>\n",
       "    </tr>\n",
       "    <tr>\n",
       "      <th>2</th>\n",
       "      <td>2</td>\n",
       "      <td>0</td>\n",
       "      <td>0</td>\n",
       "      <td>49</td>\n",
       "      <td>1</td>\n",
       "      <td>89210</td>\n",
       "      <td>0</td>\n",
       "      <td>0</td>\n",
       "    </tr>\n",
       "    <tr>\n",
       "      <th>3</th>\n",
       "      <td>3</td>\n",
       "      <td>0</td>\n",
       "      <td>0</td>\n",
       "      <td>45</td>\n",
       "      <td>1</td>\n",
       "      <td>171565</td>\n",
       "      <td>1</td>\n",
       "      <td>1</td>\n",
       "    </tr>\n",
       "    <tr>\n",
       "      <th>4</th>\n",
       "      <td>4</td>\n",
       "      <td>0</td>\n",
       "      <td>0</td>\n",
       "      <td>53</td>\n",
       "      <td>1</td>\n",
       "      <td>149031</td>\n",
       "      <td>1</td>\n",
       "      <td>1</td>\n",
       "    </tr>\n",
       "  </tbody>\n",
       "</table>\n",
       "</div>"
      ],
      "text/plain": [
       "   Index  Gender  Marital status  Age  Education  Income  Occupation  \\\n",
       "0      0       0               0   67          2  124670           1   \n",
       "1      1       1               1   22          1  150773           1   \n",
       "2      2       0               0   49          1   89210           0   \n",
       "3      3       0               0   45          1  171565           1   \n",
       "4      4       0               0   53          1  149031           1   \n",
       "\n",
       "   Settlement size  \n",
       "0                2  \n",
       "1                2  \n",
       "2                0  \n",
       "3                1  \n",
       "4                1  "
      ]
     },
     "execution_count": 6,
     "metadata": {},
     "output_type": "execute_result"
    }
   ],
   "source": [
    "gmm_data_df = pd.read_csv(gmm_data_path)\n",
    "gmm_data_df.head()"
   ]
  },
  {
   "cell_type": "code",
   "execution_count": 7,
   "metadata": {},
   "outputs": [],
   "source": [
    "scaler = StandardScaler()\n",
    "gmm_data_df[['Age', 'Income']] = scaler.fit_transform(gmm_data_df[['Age', 'Income']])\n",
    "gmm_data_df = gmm_data_df.drop(columns=['Index'])\n"
   ]
  },
  {
   "cell_type": "code",
   "execution_count": 8,
   "metadata": {},
   "outputs": [
    {
     "data": {
      "text/html": [
       "<div>\n",
       "<style scoped>\n",
       "    .dataframe tbody tr th:only-of-type {\n",
       "        vertical-align: middle;\n",
       "    }\n",
       "\n",
       "    .dataframe tbody tr th {\n",
       "        vertical-align: top;\n",
       "    }\n",
       "\n",
       "    .dataframe thead th {\n",
       "        text-align: right;\n",
       "    }\n",
       "</style>\n",
       "<table border=\"1\" class=\"dataframe\">\n",
       "  <thead>\n",
       "    <tr style=\"text-align: right;\">\n",
       "      <th></th>\n",
       "      <th>Gender</th>\n",
       "      <th>Marital status</th>\n",
       "      <th>Age</th>\n",
       "      <th>Education</th>\n",
       "      <th>Income</th>\n",
       "      <th>Occupation</th>\n",
       "      <th>Settlement size</th>\n",
       "    </tr>\n",
       "  </thead>\n",
       "  <tbody>\n",
       "    <tr>\n",
       "      <th>0</th>\n",
       "      <td>0</td>\n",
       "      <td>0</td>\n",
       "      <td>2.653614</td>\n",
       "      <td>2</td>\n",
       "      <td>0.097524</td>\n",
       "      <td>1</td>\n",
       "      <td>2</td>\n",
       "    </tr>\n",
       "    <tr>\n",
       "      <th>1</th>\n",
       "      <td>1</td>\n",
       "      <td>1</td>\n",
       "      <td>-1.187132</td>\n",
       "      <td>1</td>\n",
       "      <td>0.782654</td>\n",
       "      <td>1</td>\n",
       "      <td>2</td>\n",
       "    </tr>\n",
       "    <tr>\n",
       "      <th>2</th>\n",
       "      <td>0</td>\n",
       "      <td>0</td>\n",
       "      <td>1.117316</td>\n",
       "      <td>1</td>\n",
       "      <td>-0.833202</td>\n",
       "      <td>0</td>\n",
       "      <td>0</td>\n",
       "    </tr>\n",
       "    <tr>\n",
       "      <th>3</th>\n",
       "      <td>0</td>\n",
       "      <td>0</td>\n",
       "      <td>0.775916</td>\n",
       "      <td>1</td>\n",
       "      <td>1.328386</td>\n",
       "      <td>1</td>\n",
       "      <td>1</td>\n",
       "    </tr>\n",
       "    <tr>\n",
       "      <th>4</th>\n",
       "      <td>0</td>\n",
       "      <td>0</td>\n",
       "      <td>1.458716</td>\n",
       "      <td>1</td>\n",
       "      <td>0.736932</td>\n",
       "      <td>1</td>\n",
       "      <td>1</td>\n",
       "    </tr>\n",
       "  </tbody>\n",
       "</table>\n",
       "</div>"
      ],
      "text/plain": [
       "   Gender  Marital status       Age  Education    Income  Occupation  \\\n",
       "0       0               0  2.653614          2  0.097524           1   \n",
       "1       1               1 -1.187132          1  0.782654           1   \n",
       "2       0               0  1.117316          1 -0.833202           0   \n",
       "3       0               0  0.775916          1  1.328386           1   \n",
       "4       0               0  1.458716          1  0.736932           1   \n",
       "\n",
       "   Settlement size  \n",
       "0                2  \n",
       "1                2  \n",
       "2                0  \n",
       "3                1  \n",
       "4                1  "
      ]
     },
     "execution_count": 8,
     "metadata": {},
     "output_type": "execute_result"
    }
   ],
   "source": [
    "gmm_data_df.head()"
   ]
  },
  {
   "cell_type": "code",
   "execution_count": 9,
   "metadata": {},
   "outputs": [
    {
     "data": {
      "text/html": [
       "<div>\n",
       "<style scoped>\n",
       "    .dataframe tbody tr th:only-of-type {\n",
       "        vertical-align: middle;\n",
       "    }\n",
       "\n",
       "    .dataframe tbody tr th {\n",
       "        vertical-align: top;\n",
       "    }\n",
       "\n",
       "    .dataframe thead th {\n",
       "        text-align: right;\n",
       "    }\n",
       "</style>\n",
       "<table border=\"1\" class=\"dataframe\">\n",
       "  <thead>\n",
       "    <tr style=\"text-align: right;\">\n",
       "      <th></th>\n",
       "      <th>Gender</th>\n",
       "      <th>Marital status</th>\n",
       "      <th>Age</th>\n",
       "      <th>Education</th>\n",
       "      <th>Income</th>\n",
       "      <th>Occupation</th>\n",
       "      <th>Settlement size</th>\n",
       "    </tr>\n",
       "  </thead>\n",
       "  <tbody>\n",
       "    <tr>\n",
       "      <th>0</th>\n",
       "      <td>0</td>\n",
       "      <td>0</td>\n",
       "      <td>2.653614</td>\n",
       "      <td>2</td>\n",
       "      <td>0.097524</td>\n",
       "      <td>1</td>\n",
       "      <td>2</td>\n",
       "    </tr>\n",
       "    <tr>\n",
       "      <th>1</th>\n",
       "      <td>1</td>\n",
       "      <td>1</td>\n",
       "      <td>-1.187132</td>\n",
       "      <td>1</td>\n",
       "      <td>0.782654</td>\n",
       "      <td>1</td>\n",
       "      <td>2</td>\n",
       "    </tr>\n",
       "    <tr>\n",
       "      <th>2</th>\n",
       "      <td>0</td>\n",
       "      <td>0</td>\n",
       "      <td>1.117316</td>\n",
       "      <td>1</td>\n",
       "      <td>-0.833202</td>\n",
       "      <td>0</td>\n",
       "      <td>0</td>\n",
       "    </tr>\n",
       "    <tr>\n",
       "      <th>3</th>\n",
       "      <td>0</td>\n",
       "      <td>0</td>\n",
       "      <td>0.775916</td>\n",
       "      <td>1</td>\n",
       "      <td>1.328386</td>\n",
       "      <td>1</td>\n",
       "      <td>1</td>\n",
       "    </tr>\n",
       "    <tr>\n",
       "      <th>4</th>\n",
       "      <td>0</td>\n",
       "      <td>0</td>\n",
       "      <td>1.458716</td>\n",
       "      <td>1</td>\n",
       "      <td>0.736932</td>\n",
       "      <td>1</td>\n",
       "      <td>1</td>\n",
       "    </tr>\n",
       "    <tr>\n",
       "      <th>...</th>\n",
       "      <td>...</td>\n",
       "      <td>...</td>\n",
       "      <td>...</td>\n",
       "      <td>...</td>\n",
       "      <td>...</td>\n",
       "      <td>...</td>\n",
       "      <td>...</td>\n",
       "    </tr>\n",
       "    <tr>\n",
       "      <th>1995</th>\n",
       "      <td>1</td>\n",
       "      <td>0</td>\n",
       "      <td>0.946616</td>\n",
       "      <td>1</td>\n",
       "      <td>0.067471</td>\n",
       "      <td>0</td>\n",
       "      <td>0</td>\n",
       "    </tr>\n",
       "    <tr>\n",
       "      <th>1996</th>\n",
       "      <td>1</td>\n",
       "      <td>1</td>\n",
       "      <td>-0.760382</td>\n",
       "      <td>1</td>\n",
       "      <td>-0.084265</td>\n",
       "      <td>1</td>\n",
       "      <td>0</td>\n",
       "    </tr>\n",
       "    <tr>\n",
       "      <th>1997</th>\n",
       "      <td>0</td>\n",
       "      <td>0</td>\n",
       "      <td>-0.418983</td>\n",
       "      <td>0</td>\n",
       "      <td>-0.906957</td>\n",
       "      <td>0</td>\n",
       "      <td>0</td>\n",
       "    </tr>\n",
       "    <tr>\n",
       "      <th>1998</th>\n",
       "      <td>1</td>\n",
       "      <td>1</td>\n",
       "      <td>-1.016432</td>\n",
       "      <td>1</td>\n",
       "      <td>-0.603329</td>\n",
       "      <td>0</td>\n",
       "      <td>0</td>\n",
       "    </tr>\n",
       "    <tr>\n",
       "      <th>1999</th>\n",
       "      <td>0</td>\n",
       "      <td>0</td>\n",
       "      <td>-0.931082</td>\n",
       "      <td>0</td>\n",
       "      <td>-1.378987</td>\n",
       "      <td>0</td>\n",
       "      <td>0</td>\n",
       "    </tr>\n",
       "  </tbody>\n",
       "</table>\n",
       "<p>2000 rows × 7 columns</p>\n",
       "</div>"
      ],
      "text/plain": [
       "      Gender  Marital status       Age  Education    Income  Occupation  \\\n",
       "0          0               0  2.653614          2  0.097524           1   \n",
       "1          1               1 -1.187132          1  0.782654           1   \n",
       "2          0               0  1.117316          1 -0.833202           0   \n",
       "3          0               0  0.775916          1  1.328386           1   \n",
       "4          0               0  1.458716          1  0.736932           1   \n",
       "...      ...             ...       ...        ...       ...         ...   \n",
       "1995       1               0  0.946616          1  0.067471           0   \n",
       "1996       1               1 -0.760382          1 -0.084265           1   \n",
       "1997       0               0 -0.418983          0 -0.906957           0   \n",
       "1998       1               1 -1.016432          1 -0.603329           0   \n",
       "1999       0               0 -0.931082          0 -1.378987           0   \n",
       "\n",
       "      Settlement size  \n",
       "0                   2  \n",
       "1                   2  \n",
       "2                   0  \n",
       "3                   1  \n",
       "4                   1  \n",
       "...               ...  \n",
       "1995                0  \n",
       "1996                0  \n",
       "1997                0  \n",
       "1998                0  \n",
       "1999                0  \n",
       "\n",
       "[2000 rows x 7 columns]"
      ]
     },
     "execution_count": 9,
     "metadata": {},
     "output_type": "execute_result"
    }
   ],
   "source": [
    "gmm_data_df"
   ]
  },
  {
   "cell_type": "code",
   "execution_count": 10,
   "metadata": {},
   "outputs": [
    {
     "data": {
      "text/plain": [
       "array([[ 0.        ,  0.        ,  2.65361447, ...,  0.09752361,\n",
       "         1.        ,  2.        ],\n",
       "       [ 1.        ,  1.        , -1.18713209, ...,  0.78265438,\n",
       "         1.        ,  2.        ],\n",
       "       [ 0.        ,  0.        ,  1.11731585, ..., -0.83320224,\n",
       "         0.        ,  0.        ],\n",
       "       ...,\n",
       "       [ 0.        ,  0.        , -0.41898277, ..., -0.90695688,\n",
       "         0.        ,  0.        ],\n",
       "       [ 1.        ,  1.        , -1.01643224, ..., -0.60332923,\n",
       "         0.        ,  0.        ],\n",
       "       [ 0.        ,  0.        , -0.93108232, ..., -1.3789866 ,\n",
       "         0.        ,  0.        ]])"
      ]
     },
     "execution_count": 10,
     "metadata": {},
     "output_type": "execute_result"
    }
   ],
   "source": [
    "gmm_data = gmm_data_df.to_numpy()\n",
    "gmm_data"
   ]
  },
  {
   "cell_type": "code",
   "execution_count": 11,
   "metadata": {},
   "outputs": [
    {
     "name": "stdout",
     "output_type": "stream",
     "text": [
      "[[ 0.25  0.14 -0.09  0.07 -0.1  -0.06 -0.12]\n",
      " [ 0.14  0.25 -0.11  0.11 -0.04 -0.01 -0.04]\n",
      " [-0.09 -0.11  1.    0.39  0.34  0.07  0.1 ]\n",
      " [ 0.07  0.11  0.39  0.36  0.14  0.02  0.02]\n",
      " [-0.1  -0.04  0.34  0.14  1.    0.43  0.4 ]\n",
      " [-0.06 -0.01  0.07  0.02  0.43  0.41  0.3 ]\n",
      " [-0.12 -0.04  0.1   0.02  0.4   0.3   0.66]]\n"
     ]
    }
   ],
   "source": [
    "cov = np.cov(gmm_data, rowvar=False)\n",
    "print(np.round(cov, 2))"
   ]
  },
  {
   "cell_type": "code",
   "execution_count": 184,
   "metadata": {},
   "outputs": [
    {
     "name": "stdout",
     "output_type": "stream",
     "text": [
      "[[ 0.25  0.14 -0.09  0.07 -0.1  -0.06 -0.12]\n",
      " [ 0.14  0.25 -0.11  0.11 -0.04 -0.01 -0.04]\n",
      " [-0.09 -0.11  1.    0.39  0.34  0.07  0.1 ]\n",
      " [ 0.07  0.11  0.39  0.36  0.14  0.02  0.02]\n",
      " [-0.1  -0.04  0.34  0.14  1.    0.43  0.4 ]\n",
      " [-0.06 -0.01  0.07  0.02  0.43  0.41  0.3 ]\n",
      " [-0.12 -0.04  0.1   0.02  0.4   0.3   0.66]]\n",
      "[[ 0.25  0.14 -0.09  0.07 -0.1  -0.06 -0.12]\n",
      " [ 0.14  0.25 -0.11  0.11 -0.04 -0.01 -0.04]\n",
      " [-0.09 -0.11  1.    0.39  0.34  0.07  0.1 ]\n",
      " [ 0.07  0.11  0.39  0.36  0.14  0.02  0.02]\n",
      " [-0.1  -0.04  0.34  0.14  1.    0.43  0.4 ]\n",
      " [-0.06 -0.01  0.07  0.02  0.43  0.41  0.3 ]\n",
      " [-0.12 -0.04  0.1   0.02  0.4   0.3   0.66]]\n",
      "[[ 0.25  0.14 -0.09  0.07 -0.1  -0.06 -0.12]\n",
      " [ 0.14  0.25 -0.11  0.11 -0.04 -0.01 -0.04]\n",
      " [-0.09 -0.11  1.    0.39  0.34  0.07  0.1 ]\n",
      " [ 0.07  0.11  0.39  0.36  0.14  0.02  0.02]\n",
      " [-0.1  -0.04  0.34  0.14  1.    0.43  0.4 ]\n",
      " [-0.06 -0.01  0.07  0.02  0.43  0.41  0.3 ]\n",
      " [-0.12 -0.04  0.1   0.02  0.4   0.3   0.66]]\n",
      "mean: [4.57000000e-01 4.96500000e-01 9.05941988e-17 1.03800000e+00\n",
      " 1.56319402e-16 8.10500000e-01 7.39000000e-01]\n"
     ]
    }
   ],
   "source": [
    "# Initialise the mean and covariance matrix\n",
    "clusters = 3\n",
    "dimensions = 7\n",
    "# A = np.random.rand(dimensions, dimensions)\n",
    "covar = np.zeros((clusters, dimensions, dimensions))\n",
    "mean = np.mean(gmm_data, axis=0)\n",
    "for i in range(clusters):\n",
    "    # A = np.random.rand(dimensions, dimensions)\n",
    "    covar[i] = cov  # make the matrix positive semi-definite\n",
    "    print(np.round(covar[0], 2))\n",
    "\n",
    "print('mean:', mean)\n",
    "pi = np.ones(clusters) / clusters\n",
    "# print(np.round(covar[0], 2))\n"
   ]
  },
  {
   "cell_type": "code",
   "execution_count": 145,
   "metadata": {},
   "outputs": [
    {
     "name": "stdout",
     "output_type": "stream",
     "text": [
      "7\n"
     ]
    }
   ],
   "source": [
    "print(np.linalg.matrix_rank(covar[1]))"
   ]
  },
  {
   "cell_type": "code",
   "execution_count": 40,
   "metadata": {},
   "outputs": [],
   "source": [
    "def sqrt_matrix(A):\n",
    "    evalues, evectors = np.linalg.eigh(A)\n",
    "    # Ensuring square root matrix exists\n",
    "    assert (evalues >= 0).all()\n",
    "    sq_matrix = evectors * np.sqrt(evalues) @ evectors.T\n",
    "    return sq_matrix"
   ]
  },
  {
   "cell_type": "code",
   "execution_count": 41,
   "metadata": {},
   "outputs": [
    {
     "name": "stdout",
     "output_type": "stream",
     "text": [
      "[0.         0.         2.65361447 2.         0.09752361 1.\n",
      " 2.        ]\n",
      "[4.57000000e-01 4.96500000e-01 9.05941988e-17 1.03800000e+00\n",
      " 1.56319402e-16 8.10500000e-01 7.39000000e-01]\n"
     ]
    }
   ],
   "source": [
    "print(gmm_data[0])\n",
    "print(mean)"
   ]
  },
  {
   "cell_type": "code",
   "execution_count": 42,
   "metadata": {},
   "outputs": [
    {
     "data": {
      "text/plain": [
       "2000"
      ]
     },
     "execution_count": 42,
     "metadata": {},
     "output_type": "execute_result"
    }
   ],
   "source": [
    "gmm_data.shape[0]"
   ]
  },
  {
   "cell_type": "code",
   "execution_count": 43,
   "metadata": {},
   "outputs": [
    {
     "data": {
      "text/plain": [
       "(2000, 3)"
      ]
     },
     "execution_count": 43,
     "metadata": {},
     "output_type": "execute_result"
    }
   ],
   "source": [
    "responsibility = np.zeros((gmm_data.shape[0], clusters))\n",
    "responsibility.shape"
   ]
  },
  {
   "cell_type": "code",
   "execution_count": 83,
   "metadata": {},
   "outputs": [],
   "source": [
    "# print('gmm[0] - mean[0]:', gmm_data[0] - mean[0])\n",
    "# print('covar[0]:', covar[0])\n",
    "# print('inv(covar[0]):', np.linalg.inv(covar[0]))\n",
    "# print('np.dot((gmm_data[0] - mean[0]), np.linalg.inv(covar[0])):', np.dot((gmm_data[0] - mean[0]), np.linalg.inv(covar[0])))\n",
    "# print('(gmm_data[0] - mean[0]).T:', (gmm_data[0] - mean[0]).T)\n",
    "\n",
    "# print('np.dot(np.dot((gmm_data[0] - mean[0]), np.linalg.inv(covar[0])), (gmm_data[0] - mean[0]).T):', np.dot(np.dot((gmm_data[0] - mean[0]), np.linalg.inv(covar[0])), (gmm_data[0] - mean[0]).T))\n",
    "# -0.5 * np.dot(np.dot((gmm_data[0] - mean[0]), np.linalg.inv(covar[0])), (gmm_data[0] - mean[0]).T)\n"
   ]
  },
  {
   "cell_type": "code",
   "execution_count": 94,
   "metadata": {},
   "outputs": [
    {
     "name": "stdout",
     "output_type": "stream",
     "text": [
      "-10.505104431915598\n",
      "-10.505104431915598\n",
      "[ 0.46554528  2.71009209  0.44636411 -4.15549567  1.91003103 -1.35058302\n",
      " -1.42736266]\n"
     ]
    }
   ],
   "source": [
    "print(-0.5 * np.dot(np.dot((gmm_data[0] - mean[0]).T, np.linalg.inv(covar[0])), (gmm_data[0] - mean[0])))\n",
    "print(-0.5 * ((gmm_data[0] - mean[0]).T @ np.linalg.inv(covar[0])) @ (gmm_data[0] - mean[0]))"
   ]
  },
  {
   "cell_type": "code",
   "execution_count": 199,
   "metadata": {},
   "outputs": [
    {
     "name": "stdout",
     "output_type": "stream",
     "text": [
      "(2000, 3)\n",
      "[[9.98046189e-01 1.95381108e-03 1.72947679e-20]\n",
      " [9.78649865e-01 2.13501354e-02 3.97732144e-30]\n",
      " [3.05380015e-02 9.69461999e-01 8.98335682e-13]\n",
      " [9.99994907e-01 5.09303404e-06 3.97150230e-23]\n",
      " [9.99864291e-01 1.35709288e-04 1.85674620e-20]\n",
      " [8.54731830e-01 1.45268170e-01 2.90716187e-16]\n",
      " [9.99973061e-01 2.69394937e-05 2.70896856e-21]\n",
      " [9.99999702e-01 2.97928054e-07 1.51221012e-28]\n",
      " [9.99809625e-01 1.90375469e-04 1.17946089e-24]\n",
      " [9.47929323e-01 5.20706772e-02 4.92700249e-28]\n",
      " [1.18405335e-01 8.81594665e-01 6.60165390e-24]\n",
      " [5.74096182e-02 9.42590382e-01 1.98074227e-25]\n",
      " [8.12462402e-01 1.87537598e-01 1.24922792e-26]\n",
      " [2.78386845e-04 9.99721613e-01 3.13411790e-16]\n",
      " [7.61785168e-01 2.38214832e-01 7.03897681e-25]\n",
      " [5.78298180e-01 4.21701820e-01 8.61336094e-20]\n",
      " [9.19824129e-01 8.01758709e-02 3.70822702e-17]\n",
      " [9.48526341e-01 5.14736590e-02 3.82228506e-20]\n",
      " [1.00000000e+00 3.23015343e-26 1.09053937e-55]\n",
      " [8.73977644e-01 1.26022356e-01 6.21499311e-18]\n",
      " [9.65772100e-01 3.42279004e-02 1.31259491e-17]\n",
      " [9.99602478e-01 3.97522070e-04 1.25362339e-20]\n",
      " [4.52211983e-02 9.54778802e-01 9.58341196e-13]\n",
      " [9.99770613e-01 2.29387301e-04 2.69820696e-20]\n",
      " [9.38269866e-01 6.17301340e-02 2.10393558e-22]\n",
      " [4.70125886e-01 5.29874114e-01 1.68796234e-11]\n",
      " [4.30639205e-01 5.69360795e-01 5.84830878e-15]\n",
      " [9.99999974e-01 2.64089441e-08 3.33064832e-35]\n",
      " [9.50677513e-01 4.93224871e-02 2.86432293e-18]\n",
      " [9.99999937e-01 6.25376746e-08 4.57563204e-26]\n",
      " [9.99796430e-01 2.03569629e-04 3.24042993e-26]\n",
      " [5.54405164e-01 4.45594836e-01 1.83757665e-16]\n",
      " [9.96238487e-01 3.76151339e-03 1.49135292e-20]\n",
      " [8.95579108e-04 9.99104421e-01 7.30073668e-16]\n",
      " [9.99926098e-01 7.39022544e-05 4.09887054e-33]\n",
      " [6.80795332e-01 3.19204668e-01 4.51820270e-12]\n",
      " [9.85783273e-01 1.42167271e-02 6.73823538e-19]\n",
      " [9.84695209e-01 1.53047910e-02 6.55301185e-19]\n",
      " [9.64639169e-01 3.53608312e-02 3.45612521e-18]\n",
      " [5.20461762e-01 4.79538238e-01 6.27240710e-15]\n",
      " [9.82889901e-01 1.71100990e-02 3.03143245e-22]\n",
      " [2.89646209e-01 7.10353791e-01 8.94763179e-22]\n",
      " [8.31654299e-01 1.68345701e-01 2.80779088e-15]\n",
      " [8.46348572e-01 1.53651428e-01 6.61201130e-25]\n",
      " [9.99995633e-01 4.36667658e-06 4.23949575e-30]\n",
      " [9.99837117e-01 1.62882814e-04 1.26457303e-31]\n",
      " [9.74725316e-01 2.52746836e-02 9.00714818e-19]\n",
      " [6.24561228e-01 3.75438772e-01 5.62077096e-18]\n",
      " [7.96845502e-01 2.03154498e-01 3.62494829e-15]\n",
      " [3.20164720e-01 6.79835280e-01 7.53551761e-25]\n",
      " [8.91485256e-01 1.08514744e-01 7.12619039e-11]\n",
      " [9.99952096e-01 4.79038978e-05 3.03588414e-25]\n",
      " [6.46618670e-01 3.53381330e-01 1.23112934e-15]\n",
      " [5.16257383e-01 4.83742617e-01 4.28619327e-15]\n",
      " [9.99871700e-01 1.28299590e-04 3.37837153e-22]\n",
      " [9.92070274e-01 7.92972578e-03 5.53738536e-10]\n",
      " [1.00000000e+00 8.93654370e-15 6.98984009e-32]\n",
      " [9.99805525e-01 1.94474511e-04 2.68274423e-32]\n",
      " [8.50265050e-01 1.49734950e-01 2.18411504e-31]\n",
      " [6.70970417e-02 9.32902958e-01 1.03239458e-21]\n",
      " [9.61419776e-01 3.85802243e-02 1.13583798e-22]\n",
      " [9.82254693e-01 1.77453070e-02 5.98871812e-18]\n",
      " [1.00000000e+00 3.56160729e-11 6.79274666e-30]\n",
      " [9.99859834e-01 1.40165628e-04 2.59275501e-26]\n",
      " [7.00965150e-01 2.99034850e-01 5.91763912e-26]\n",
      " [9.99781021e-01 2.18979154e-04 1.41610584e-20]\n",
      " [3.99222196e-01 6.00777804e-01 5.38295640e-24]\n",
      " [4.98965002e-02 9.50103500e-01 9.22719017e-23]\n",
      " [9.73602138e-01 2.63978621e-02 5.09197700e-18]\n",
      " [9.46184042e-01 5.38159585e-02 6.89732106e-27]\n",
      " [9.98243197e-01 1.75680271e-03 1.01900334e-30]\n",
      " [3.05020528e-02 9.69497947e-01 6.45136793e-12]\n",
      " [9.99999725e-01 2.75374609e-07 4.10410394e-24]\n",
      " [9.96934948e-01 3.06505228e-03 9.98362017e-27]\n",
      " [9.99997048e-01 2.95209870e-06 1.94368434e-24]\n",
      " [1.00000000e+00 5.74065914e-12 2.51941667e-29]\n",
      " [9.69279945e-01 3.07200552e-02 9.43857377e-19]\n",
      " [9.99998519e-01 1.48057106e-06 3.64558809e-22]\n",
      " [9.45007422e-01 5.49925783e-02 8.44130623e-17]\n",
      " [4.23310535e-01 5.76689465e-01 8.91405221e-23]\n",
      " [1.00000000e+00 1.40753117e-10 7.04236796e-37]\n",
      " [9.98055267e-01 1.94473329e-03 2.22397428e-19]\n",
      " [3.26256744e-01 6.73743256e-01 2.46472946e-19]\n",
      " [6.98906115e-01 3.01093885e-01 4.64228567e-24]\n",
      " [1.57596535e-02 9.84240347e-01 4.03322398e-13]\n",
      " [9.91545687e-01 8.45431317e-03 1.68830317e-30]\n",
      " [9.75674659e-01 2.43253408e-02 5.24968648e-27]\n",
      " [1.00000000e+00 6.33326941e-13 2.20165458e-31]\n",
      " [9.98431514e-01 1.56848594e-03 2.34075993e-22]\n",
      " [7.00219237e-01 2.99780763e-01 1.92782404e-15]\n",
      " [6.37367772e-01 3.62632228e-01 2.83049134e-16]\n",
      " [8.98838013e-01 1.01161987e-01 6.03434602e-17]\n",
      " [6.51721746e-01 3.48278254e-01 1.11841783e-18]\n",
      " [1.12515432e-01 8.87484568e-01 1.02965955e-17]\n",
      " [9.99999909e-01 9.07407569e-08 3.69409037e-23]\n",
      " [1.00000000e+00 6.31289205e-23 1.05044925e-40]\n",
      " [9.99999881e-01 1.19464132e-07 4.85189663e-33]\n",
      " [9.98963825e-01 1.03617547e-03 1.02883067e-20]\n",
      " [9.63971329e-01 3.60286712e-02 2.72964404e-18]\n",
      " [1.00000000e+00 3.86522628e-10 1.62416104e-30]\n",
      " [5.34947376e-01 4.65052624e-01 1.54661354e-16]\n",
      " [2.58898602e-01 7.41101398e-01 4.72808168e-15]\n",
      " [4.05196030e-01 5.94803970e-01 2.81320444e-24]\n",
      " [9.39906386e-01 6.00936135e-02 6.35313349e-18]\n",
      " [7.01769053e-01 2.98230947e-01 2.25072292e-21]\n",
      " [1.00000000e+00 3.87352084e-16 6.76616985e-37]\n",
      " [9.99999999e-01 8.73357679e-10 3.45169978e-29]\n",
      " [9.95585577e-01 4.41442309e-03 1.14737349e-19]\n",
      " [8.37970138e-01 1.62029862e-01 3.79104577e-28]\n",
      " [9.55799951e-01 4.42000491e-02 1.01407080e-22]\n",
      " [9.61055022e-01 3.89449781e-02 9.13025334e-23]\n",
      " [3.25751089e-01 6.74248911e-01 3.77040484e-25]\n",
      " [7.41743532e-01 2.58256468e-01 9.19155952e-15]\n",
      " [1.18603702e-01 8.81396298e-01 6.14484371e-28]\n",
      " [9.95106799e-01 4.89320104e-03 9.07398896e-24]\n",
      " [9.96006552e-01 3.99344802e-03 6.00848607e-19]\n",
      " [9.94617238e-01 5.38276221e-03 1.20136881e-33]\n",
      " [9.74012915e-01 2.59870852e-02 6.33654156e-27]\n",
      " [5.89411732e-01 4.10588268e-01 1.53204174e-28]\n",
      " [9.99999501e-01 4.99369793e-07 9.80139003e-32]\n",
      " [9.28318402e-01 7.16815981e-02 1.87969484e-26]\n",
      " [1.00000000e+00 5.59508304e-13 1.92659197e-41]\n",
      " [9.87164998e-01 1.28350017e-02 2.09471379e-10]\n",
      " [9.96131479e-01 3.86852125e-03 5.39411654e-21]\n",
      " [9.84193450e-01 1.58065497e-02 1.59426099e-27]\n",
      " [6.43695800e-01 3.56304200e-01 2.86126930e-15]\n",
      " [3.93021641e-01 6.06978359e-01 3.49326616e-15]\n",
      " [7.66992699e-01 2.33007301e-01 1.15354148e-15]\n",
      " [9.99987392e-01 1.26084771e-05 8.10047330e-25]\n",
      " [4.30132056e-01 5.69867944e-01 6.49696939e-25]\n",
      " [9.99508000e-01 4.92000381e-04 7.69539202e-33]\n",
      " [9.82716318e-01 1.72836817e-02 1.95806443e-19]\n",
      " [9.45674948e-01 5.43250522e-02 1.14069968e-10]\n",
      " [9.55184635e-01 4.48153648e-02 1.83451329e-17]\n",
      " [8.05959496e-03 9.91940405e-01 5.26375248e-31]\n",
      " [9.99113649e-01 8.86350800e-04 2.20828238e-27]\n",
      " [9.99670014e-01 3.29985764e-04 2.82049037e-24]\n",
      " [5.74448494e-02 9.42555151e-01 2.65900037e-17]\n",
      " [9.68586885e-01 3.14131148e-02 1.46394810e-18]\n",
      " [9.59849663e-01 4.01503368e-02 2.45394931e-24]\n",
      " [5.71915673e-01 4.28084327e-01 2.80909016e-16]\n",
      " [9.99933645e-01 6.63554015e-05 9.07301358e-35]\n",
      " [9.90355918e-01 9.64408176e-03 5.83093096e-22]\n",
      " [3.67333145e-01 6.32666855e-01 1.28204014e-15]\n",
      " [8.65698705e-01 1.34301295e-01 1.42233606e-26]\n",
      " [8.11454123e-01 1.88545877e-01 1.12455624e-17]\n",
      " [9.88682993e-01 1.13170069e-02 5.80855586e-27]\n",
      " [9.99941819e-01 5.81807325e-05 4.07132480e-30]\n",
      " [6.58966830e-01 3.41033170e-01 2.67636381e-17]\n",
      " [9.99994610e-01 5.39030441e-06 4.41757849e-22]\n",
      " [8.98941549e-01 1.01058451e-01 4.54817663e-17]\n",
      " [9.79402641e-01 2.05973595e-02 4.09632655e-18]\n",
      " [3.62262012e-01 6.37737988e-01 7.06332393e-19]\n",
      " [9.99999959e-01 4.09747774e-08 1.29575008e-37]\n",
      " [1.00000000e+00 2.68404448e-11 5.12865199e-32]\n",
      " [1.24656818e-01 8.75343182e-01 1.85173238e-24]\n",
      " [9.85585247e-01 1.44147534e-02 3.94821987e-18]\n",
      " [1.28939348e-01 8.71060652e-01 9.48134743e-18]\n",
      " [9.99926514e-01 7.34864311e-05 9.35261642e-22]\n",
      " [5.88226999e-01 4.11773001e-01 9.70204572e-12]\n",
      " [9.85594967e-01 1.44050326e-02 4.11209168e-19]\n",
      " [8.51333119e-01 1.48666881e-01 7.84231294e-25]\n",
      " [9.98182469e-01 1.81753080e-03 5.43501407e-20]\n",
      " [1.00000000e+00 9.00269382e-25 4.08777623e-40]\n",
      " [9.97110745e-01 2.88925494e-03 1.13149335e-19]\n",
      " [8.87456470e-01 1.12543530e-01 1.19950281e-17]\n",
      " [9.94491108e-01 5.50889207e-03 9.02655987e-27]\n",
      " [8.99982849e-01 1.00017151e-01 1.21855719e-29]\n",
      " [6.40022728e-01 3.59977272e-01 1.97765914e-26]\n",
      " [9.93478732e-01 6.52126829e-03 2.05895169e-23]\n",
      " [6.52965287e-01 3.47034713e-01 1.59696681e-15]\n",
      " [5.75822595e-01 4.24177405e-01 2.84153547e-24]\n",
      " [9.99999681e-01 3.19217810e-07 5.03884559e-35]\n",
      " [7.23164816e-01 2.76835184e-01 2.03824852e-16]\n",
      " [5.00284554e-01 4.99715446e-01 4.15085946e-16]\n",
      " [1.00000000e+00 1.04307686e-15 1.04855130e-44]\n",
      " [9.96639034e-01 3.36096643e-03 2.57390102e-24]\n",
      " [9.99561026e-01 4.38973710e-04 2.42035021e-19]\n",
      " [9.30552159e-01 6.94478410e-02 7.38637744e-20]\n",
      " [5.67931661e-01 4.32068339e-01 6.73299094e-19]\n",
      " [9.99975314e-01 2.46860089e-05 3.89036879e-29]\n",
      " [9.99843694e-01 1.56306459e-04 7.21167310e-30]\n",
      " [2.38395137e-01 7.61604863e-01 7.46302401e-12]\n",
      " [9.99999991e-01 8.58583367e-09 9.37397933e-25]\n",
      " [8.85832008e-01 1.14167992e-01 3.64658573e-17]\n",
      " [6.43180976e-01 3.56819024e-01 8.44649100e-15]\n",
      " [1.00000000e+00 2.44354491e-28 1.01520888e-55]\n",
      " [9.02566156e-08 9.99999910e-01 3.89347507e-17]\n",
      " [7.75664209e-02 9.22433579e-01 8.64265630e-20]\n",
      " [9.92762009e-01 7.23799112e-03 9.55616270e-28]\n",
      " [1.00000000e+00 2.91235803e-17 5.24411741e-34]\n",
      " [6.59372386e-01 3.40627614e-01 2.59623421e-14]\n",
      " [9.99365825e-01 6.34175494e-04 1.05305907e-20]\n",
      " [8.40582234e-01 1.59417766e-01 2.46770114e-21]\n",
      " [5.37912078e-01 4.62087922e-01 2.89010724e-18]\n",
      " [9.99999246e-01 7.54479340e-07 1.95662380e-34]\n",
      " [3.16943191e-01 6.83056809e-01 2.12949765e-23]\n",
      " [2.26296145e-01 7.73703855e-01 1.08637171e-24]\n",
      " [9.97018950e-01 2.98104968e-03 1.18919023e-19]\n",
      " [9.99999908e-01 9.23630043e-08 1.55980767e-31]\n",
      " [9.87904892e-01 1.20951079e-02 2.40115012e-18]\n",
      " [8.08700485e-01 1.91299515e-01 7.98796699e-15]\n",
      " [5.00505476e-01 4.99494524e-01 3.69005856e-17]\n",
      " [3.43568372e-01 6.56431628e-01 3.28778385e-20]\n",
      " [3.43143751e-01 6.56856249e-01 1.17702115e-11]\n",
      " [1.00000000e+00 2.37814390e-13 6.59823928e-34]\n",
      " [8.24884094e-01 1.75115906e-01 1.73109506e-16]\n",
      " [7.17677812e-01 2.82322188e-01 2.87582307e-16]\n",
      " [1.20121503e-01 8.79878497e-01 5.49896433e-18]\n",
      " [9.99999391e-01 6.09299161e-07 3.41847711e-22]\n",
      " [9.87644724e-01 1.23552757e-02 5.02583486e-19]\n",
      " [9.67494660e-01 3.25053403e-02 1.55436834e-24]\n",
      " [9.99887606e-01 1.12393786e-04 8.90970444e-21]\n",
      " [1.00000000e+00 3.48876456e-11 1.97315883e-30]\n",
      " [9.75826596e-01 2.41734043e-02 6.30860323e-18]\n",
      " [7.61562886e-01 2.38437114e-01 3.11096193e-22]\n",
      " [8.93261634e-01 1.06738366e-01 1.17515057e-16]\n",
      " [2.64912639e-01 7.35087361e-01 1.07049492e-17]\n",
      " [6.19025888e-01 3.80974112e-01 1.05702904e-15]\n",
      " [9.99999823e-01 1.77425823e-07 2.27030491e-35]\n",
      " [7.86797534e-01 2.13202466e-01 5.46488381e-15]\n",
      " [3.19796057e-01 6.80203943e-01 2.00539420e-24]\n",
      " [6.97991262e-01 3.02008738e-01 3.99190267e-15]\n",
      " [7.32009825e-01 2.67990175e-01 8.91375309e-16]\n",
      " [7.43571022e-01 2.56428978e-01 7.55924878e-17]\n",
      " [5.55283432e-01 4.44716568e-01 1.31879780e-15]\n",
      " [9.96777988e-01 3.22201184e-03 1.87762093e-25]\n",
      " [1.00000000e+00 4.88979665e-13 3.13265602e-31]\n",
      " [4.62775922e-01 5.37224078e-01 5.17765725e-15]\n",
      " [5.60702510e-01 4.39297490e-01 7.30988693e-17]\n",
      " [9.09885116e-01 9.01148835e-02 9.94852176e-19]\n",
      " [3.68752675e-01 6.31247325e-01 3.01751298e-14]\n",
      " [8.49062885e-01 1.50937115e-01 2.55637585e-17]\n",
      " [7.72325111e-01 2.27674889e-01 4.55271123e-15]\n",
      " [1.46948089e-01 8.53051911e-01 6.14137015e-12]\n",
      " [4.75212551e-01 5.24787449e-01 1.21505248e-18]\n",
      " [7.70340563e-01 2.29659437e-01 3.68091369e-18]\n",
      " [9.76226659e-01 2.37733406e-02 3.22101328e-22]\n",
      " [9.71722543e-01 2.82774566e-02 1.37312708e-25]\n",
      " [9.53992951e-01 4.60070492e-02 8.82968918e-18]\n",
      " [3.96755812e-01 6.03244188e-01 3.88890512e-23]\n",
      " [9.27325298e-01 7.26747024e-02 3.97417034e-17]\n",
      " [3.57488161e-01 6.42511839e-01 6.71912731e-17]\n",
      " [2.52105396e-01 7.47894604e-01 3.24668283e-23]\n",
      " [7.73002569e-01 2.26997431e-01 1.80383458e-22]\n",
      " [6.46521158e-01 3.53478842e-01 1.23777787e-15]\n",
      " [9.21369678e-01 7.86303223e-02 8.37810937e-17]\n",
      " [7.86169751e-01 2.13830249e-01 1.13759759e-16]\n",
      " [4.96019278e-01 5.03980722e-01 2.40991069e-16]\n",
      " [6.91133021e-01 3.08866979e-01 3.64868106e-25]\n",
      " [9.64885264e-01 3.51147359e-02 1.28439887e-24]\n",
      " [9.79546338e-01 2.04536619e-02 6.27974471e-25]\n",
      " [4.61063977e-01 5.38936023e-01 9.59945080e-26]\n",
      " [9.99663017e-01 3.36982963e-04 2.62148746e-21]\n",
      " [4.17566193e-01 5.82433807e-01 7.02327105e-16]\n",
      " [3.54501365e-01 6.45498635e-01 1.07081199e-13]\n",
      " [5.34831947e-01 4.65168053e-01 3.18607203e-12]\n",
      " [9.76746428e-01 2.32535723e-02 1.13856199e-22]\n",
      " [4.37953505e-01 5.62046495e-01 3.45137306e-27]\n",
      " [9.09038283e-01 9.09617170e-02 1.10628307e-24]\n",
      " [5.74724258e-01 4.25275742e-01 4.89763189e-15]\n",
      " [9.99999956e-01 4.39152332e-08 3.76619983e-33]\n",
      " [9.99993241e-01 6.75941746e-06 4.48427911e-26]\n",
      " [9.33038408e-01 6.69615917e-02 7.26447805e-25]\n",
      " [9.35683337e-01 6.43166621e-02 7.37696110e-10]\n",
      " [7.49911656e-01 2.50088344e-01 3.69290182e-16]\n",
      " [9.75306199e-01 2.46938011e-02 1.75540528e-19]\n",
      " [9.22238193e-01 7.77618067e-02 1.65774473e-24]\n",
      " [1.00000000e+00 4.21045752e-19 2.92163319e-43]\n",
      " [5.69046046e-01 4.30953954e-01 1.11038310e-14]\n",
      " [8.82898811e-01 1.17101189e-01 2.47595774e-16]\n",
      " [9.99057596e-01 9.42403784e-04 2.06982855e-28]\n",
      " [1.00000000e+00 6.33989468e-15 1.43767330e-36]\n",
      " [6.10702748e-01 3.89297252e-01 1.95008002e-16]\n",
      " [9.66045999e-01 3.39540012e-02 1.39703704e-22]\n",
      " [7.16755311e-01 2.83244689e-01 1.33710840e-15]\n",
      " [1.65194232e-01 8.34805768e-01 4.81747966e-24]\n",
      " [1.52528110e-01 8.47471890e-01 1.37777478e-18]\n",
      " [9.99779391e-01 2.20608825e-04 8.65239101e-30]\n",
      " [9.96333484e-01 3.66651612e-03 5.32240035e-22]\n",
      " [2.58238754e-01 7.41761246e-01 7.49156704e-19]\n",
      " [9.24468244e-01 7.55317559e-02 4.14902220e-17]\n",
      " [8.66886393e-02 9.13311361e-01 2.93023229e-13]\n",
      " [9.99415464e-01 5.84535524e-04 5.58238693e-21]\n",
      " [9.99992606e-01 7.39393092e-06 4.43124895e-27]\n",
      " [9.99019759e-01 9.80240831e-04 5.95447929e-28]\n",
      " [8.48765994e-01 1.51234006e-01 7.89097180e-18]\n",
      " [9.99999611e-01 3.88893085e-07 2.69332406e-28]\n",
      " [9.99995380e-01 4.62043168e-06 2.01007220e-31]\n",
      " [9.99119894e-01 8.80106220e-04 8.21066071e-25]\n",
      " [3.69456602e-01 6.30543398e-01 3.41990849e-19]\n",
      " [9.99996915e-01 3.08484088e-06 2.43085753e-34]\n",
      " [1.00000000e+00 6.76752632e-14 3.32684134e-43]\n",
      " [9.99998765e-01 1.23518469e-06 1.37608600e-22]\n",
      " [1.00000000e+00 9.72216889e-15 1.26299515e-39]\n",
      " [9.99985288e-01 1.47124246e-05 9.56385339e-35]\n",
      " [7.68772834e-01 2.31227166e-01 4.94116753e-28]\n",
      " [5.73724080e-02 9.42627592e-01 4.55904793e-12]\n",
      " [9.70272231e-01 2.97277689e-02 7.17246777e-18]\n",
      " [9.98106427e-01 1.89357301e-03 2.08025984e-20]\n",
      " [8.52439561e-03 9.91475604e-01 9.97837860e-22]\n",
      " [9.99999360e-01 6.40346111e-07 3.03686476e-33]\n",
      " [4.65434956e-01 5.34565044e-01 1.33815144e-12]\n",
      " [6.52130866e-01 3.47869134e-01 5.47138282e-16]\n",
      " [9.99999878e-01 1.21633388e-07 8.57898088e-27]\n",
      " [9.96263636e-01 3.73636381e-03 1.24682435e-24]\n",
      " [1.55520555e-01 8.44479445e-01 1.13940689e-20]\n",
      " [6.46340754e-01 3.53659246e-01 1.13880151e-15]\n",
      " [9.07380003e-01 9.26199965e-02 1.34135545e-26]\n",
      " [8.62626405e-01 1.37373595e-01 1.29644427e-14]\n",
      " [3.42392501e-01 6.57607499e-01 1.06430534e-12]\n",
      " [9.49217935e-02 9.05078207e-01 1.50704456e-17]\n",
      " [8.58999300e-01 1.41000700e-01 8.66535709e-28]\n",
      " [7.91755560e-01 2.08244440e-01 5.69620559e-15]\n",
      " [8.85244615e-01 1.14755385e-01 6.41284562e-11]\n",
      " [8.71416481e-01 1.28583519e-01 2.07713402e-16]\n",
      " [3.22752276e-01 6.77247724e-01 3.24307470e-11]\n",
      " [9.96753981e-01 3.24601920e-03 2.62238046e-26]\n",
      " [7.12983036e-01 2.87016964e-01 4.81603434e-15]\n",
